4.764247703969031988e+01
4.720575647915423900e+01
4.675806183663634386e+01
4.624590877671428757e+01
4.576355952932899385e+01
4.524386676720187239e+01
4.473644673229261315e+01
4.420280473557020429e+01
4.364398913422646586e+01
4.306351278864133292e+01
4.246680428875928470e+01
4.184419071695954528e+01
4.122851955987897554e+01
4.060041093786348654e+01
3.992378156105259279e+01
3.926595862961836048e+01
3.859724530789502950e+01
3.791347601282496527e+01
3.721381409447553068e+01
3.649923876625108932e+01
3.580415302179746107e+01
3.506010763685986120e+01
3.432098542691518617e+01
3.357148767119314670e+01
3.281524748598797458e+01
3.207938907010144192e+01
3.130662184095090339e+01
3.053009731625173728e+01
2.972662176268954681e+01
2.888121951149758360e+01
2.800050125152674596e+01
2.707797067302570326e+01
2.613850137265077223e+01
2.519763085614989606e+01
2.421451282900467206e+01
2.320769279498534488e+01
2.217412060503483318e+01
2.109955569109771645e+01
1.997562340434341976e+01
1.878990214607974707e+01
1.757878334005317100e+01
1.626548297399325449e+01
1.487442909969895233e+01
1.337479652010207687e+01
1.176427314159345627e+01
1.002451023717930489e+01
8.132988328723854465e+00
6.011533200742444016e+00
3.819819277089837151e+00
0.000000000000000000e+00
3.819638970314412241e+00
5.996650812171552047e+00
8.092871183419946490e+00
1.001254779594391131e+01
1.171104337844899845e+01
1.334238538628204473e+01
1.487163066346413309e+01
1.628000172557966607e+01
1.757231165813345086e+01
1.885092198472745650e+01
2.005329433163126396e+01
2.120004727356086249e+01
2.228995976033199256e+01
2.333448485671330630e+01
2.431960339012859151e+01
2.531060120760852072e+01
2.624063628536534409e+01
2.715011409708582946e+01
2.800007304868449154e+01
2.885267055250022139e+01
2.970297044468843239e+01
3.048597313392651387e+01
3.132247618430681158e+01
3.209204680333281345e+01
3.283661136106768907e+01
3.350191398591613989e+01
3.422169703742009261e+01
3.483372889331921129e+01
3.554405083006528088e+01
3.617239368591248905e+01
3.673411425489980786e+01
3.736230299557030321e+01
3.783227434283271151e+01
3.834544152678455475e+01
